1 0.328125 0.589822 0.515625 0.647917
2 0.682031 0.577322 0.351563 0.406250
0 0.075000 0.386697 0.346875 0.400000
0 0.735938 0.870030 0.031250 0.041667
0 0.285156 0.517947 0.607812 0.608333
0 0.370312 0.373155 0.171875 0.577083
0 0.534375 0.236697 0.218750 0.566667
0 0.423438 0.529405 0.587500 0.247917
0 0.140625 0.493989 0.087500 0.777083
1 0.603906 0.348155 0.245312 0.485417
1 0.259375 0.688780 0.312500 0.550000
1 0.520312 0.573155 0.450000 0.672917
1 0.910937 0.855447 0.031250 0.041667
1 0.676562 0.598155 0.475000 0.435417
1 0.700000 0.241905 0.165625 0.331250
1 0.779687 0.405447 0.381250 0.375000