0 0.371094 0.658572 0.126562 0.235417
0 0.250000 0.378364 0.218750 0.237500
0 0.140625 0.872114 0.065625 0.125000
2 0.198437 0.637739 0.121875 0.264583
0 0.763281 0.574197 0.104688 0.129167
0 0.801562 0.097114 0.184375 0.162500
0 0.271094 0.137739 0.292187 0.260417
0 0.497656 0.612739 0.098437 0.097917
0 0.571875 0.776280 0.071875 0.041667
0 0.410938 0.803364 0.065625 0.041667
0 0.607812 0.863780 0.046875 0.041667
0 0.748437 0.759614 0.059375 0.041667
0 0.746875 0.855447 0.050000 0.041667
0 0.631250 0.924197 0.037500 0.041667
0 0.484375 0.867947 0.062500 0.041667